FIT 2parpoly3
PLOT 2d
LOWER_LIMITS  0 0
UPPER_LIMITS  1000 500
REFIT_FILTER 5
DATA_UPPER_LIMIT  220
DATA_TYPE chisq
1 1 207.535283241045875
1 100 206.775277443283841
1 120 206.073503717281056
1 140 204.927651482163810
1 160 203.152807910509722
1 180 207.288266765160216
1 20 207.109437760971474
1 200 208.169064785669008
1 220 207.486631962803159
1 240 208.137293286742789
1 260 207.118149757419360
1 280 207.256552878361049
1 300 208.143994360485749
1 320 206.802031114394339
1 340 205.329186397728478
1 360 205.927685800830432
1 380 207.405621676001203
1 40 208.879465207685143
1 400 209.691194756927558
1 420 208.850046762965349
1 440 210.590259656472227
1 460 209.276653205583273
1 480 213.655482480536250
1 500 211.436229085111165
1 520 213.825107325574010
1 540 212.855093483867677
1 560 213.865039163138192
1 580 211.902426581625633
1 60 207.496547270865250
1 600 212.690041984382503
1 640 212.706049954279138
1 680 211.530082042509008
1 720 213.344051639596358
1 760 213.206053832328109
1 80 206.653034599318033
1 800 214.258235478040547
100 1 204.370389188329881
100 100 200.803506783218353
100 120 199.028709769234126
100 140 197.743855363973637
100 160 195.526794380776124
100 180 199.935986248571567
100 20 202.811635349859472
100 200 200.735031270376254
100 220 199.533595071252904
100 240 200.683941255125774
100 260 198.347771764840616
100 280 197.743436588897055
100 300 198.828853329379967
100 320 195.225337445468767
100 340 194.499351972631075
100 360 195.607371671107416
100 380 198.300041391647767
100 40 204.663362966694649
100 400 200.038315245541071
100 420 197.759465431028985
100 440 202.155336623209649
100 460 197.780758303450511
100 480 206.707825508697965
100 500 203.421731671873658
100 520 205.387975847950997
100 540 203.197442517490202
100 560 207.042624616710214
100 580 199.535326079281333
100 60 202.262348508222487
100 600 205.693703242742146
100 640 202.560684502778741
100 680 199.804923345947941
100 720 205.454856830911126
100 760 201.600598112787821
100 80 200.031001030816924
100 800 208.210047797435948
120 1 205.460137666249551
120 100 203.259564004227713
120 120 201.245807274529199
120 140 200.579053665108404
120 160 198.168150732954871
120 180 202.515365930185425
120 20 204.373186401557774
120 200 203.654673733182079
120 220 202.311805324681444
120 240 203.221953382165253
120 260 200.550184425431269
120 280 200.623058738709915
120 300 201.633599881612326
120 320 198.223224993607801
120 340 197.132011500168346
120 360 198.355909971000216
120 380 200.629482298418026
120 40 206.171044509290738
120 400 202.429354729738492
120 420 200.613191951035333
120 440 204.625781331368103
120 460 200.251074332863851
120 480 209.047042659008326
120 500 205.661053505353749
120 520 208.132165629897145
120 540 205.933182797053348
120 560 209.342743921458521
120 580 202.124342063714664
120 60 204.099766487458538
120 600 208.031211883713354
120 640 204.813959627671409
120 680 201.922583503049452
120 720 208.225909811190405
120 760 204.291482718344099
120 80 202.196788089088898
120 800 210.419134278702728
140 1 205.105940112061376
140 100 201.988067806266201
140 120 200.157014440060152
140 140 199.162621834898800
140 160 197.305773970424326
140 180 200.772946915793312
140 20 203.833168134036811
140 200 201.942111131037422
140 220 200.536320378396596
140 240 201.573804232716810
140 260 198.917484524833810
140 280 198.907615052131064
140 300 199.596905088591086
140 320 196.441165183742783
140 340 195.816611444531191
140 360 197.140139094431106
140 380 198.739485503962015
140 40 205.573217729070677
140 400 200.497548804297111
140 420 198.597110837975521
140 440 202.503659753185048
140 460 198.698209544133078
140 480 206.236444591741247
140 500 203.202493914101325
140 520 205.528494751690857
140 540 202.945802876487477
140 560 206.417978309643559
140 580 200.301983224344070
140 60 203.080276291682964
140 600 205.220745146307763
140 640 202.054564289636090
140 680 199.948056251987509
140 720 205.293711909532703
140 760 201.811306700544947
140 80 201.554363309681065
140 800 207.621962014317944
160 1 205.133421048013275
160 100 202.553666988397566
160 120 201.195253300475912
160 140 200.405941352571631
160 160 198.266323777906251
160 180 201.714014764452315
160 20 204.152878491335144
160 200 203.089462824605619
160 220 201.682721424487823
160 240 202.570265262782812
160 260 199.977148088797776
160 280 200.345795551249864
160 300 201.185214208277273
160 320 198.204634248891637
160 340 197.289772226108425
160 360 199.035819756502235
160 380 199.768607116710399
160 40 205.911306718363448
160 400 201.375994092670027
160 420 199.652220162036429
160 440 203.478910789972275
160 460 199.683972966185621
160 480 206.969097612868183
160 500 204.174871674252159
160 520 206.366807878870361
160 540 204.220062594083629
160 560 207.068303860858691
160 580 200.528633840606119
160 60 203.653346191661541
160 600 205.483100933836880
160 640 203.206285742545049
160 680 200.575153443575942
160 720 205.532272975654337
160 760 202.590209626799265
160 80 202.179872699347243
160 800 208.274336442102680
180 1 205.320512017147621
180 100 204.043105881026889
180 120 202.330522906438347
180 140 201.771086124412761
180 160 200.414407596881745
180 180 203.581621078367363
180 20 204.551842475170361
180 200 204.571755062866401
180 220 203.384343547220283
180 240 204.310551186235472
180 260 202.224553280542295
180 280 202.460995739859840
180 300 203.787372912361604
180 320 200.258455353179556
180 340 199.571179784523395
180 360 200.740326485067015
180 380 202.061508821223782
180 40 206.334818549174884
180 400 203.445946489870067
180 420 201.482133719911133
180 440 205.254067761648884
180 460 201.946396785603440
180 480 208.265881991567937
180 500 205.801004569523997
180 520 207.687531138651366
180 540 205.780540192469005
180 560 208.195019694993732
180 580 202.539897183405600
180 60 204.277543880185902
180 600 207.015372924955074
180 640 204.891193513613302
180 680 202.357292319258704
180 720 207.181229910673267
180 760 203.956290865056530
180 80 203.185673883460225
180 800 209.265104100328784
20 1 207.163293937084035
20 100 206.314358264260392
20 120 205.513082214849931
20 140 204.429071598045653
20 160 202.361488935778880
20 180 206.697604907526426
20 20 206.655376637300179
20 200 207.831861593752137
20 220 206.829061269810381
20 240 207.541629716005389
20 260 206.341870428948027
20 280 206.424971029898018
20 300 207.440818674696771
20 320 204.466639979200352
20 340 204.353839606684261
20 360 205.260208565462307
20 380 206.911309830566438
20 40 209.004370206226469
20 400 209.177445087990293
20 420 208.123375391383746
20 440 210.226817032999577
20 460 208.675518018582409
20 480 213.382520084727474
20 500 211.147093536290896
20 520 213.408560960903486
20 540 212.480526898091313
20 560 213.510746437921426
20 580 211.356554168617151
20 60 206.983192818198631
20 600 212.597097021032937
20 640 212.506654466090453
20 680 211.153793094129469
20 720 213.036763400795905
20 760 212.683770079898466
20 80 206.121894361213862
20 800 214.030564139974445
200 1 204.920008796921536
200 100 203.122223998261802
200 120 201.896831191348923
200 140 201.103801757546961
200 160 200.060854272581878
200 180 202.968832155071141
200 20 204.063560904265501
200 200 204.005373211492497
200 220 202.905474535976424
200 240 203.601889290540356
200 260 201.518153428331146
200 280 201.828203139002170
200 300 202.479732245942273
200 320 199.832935809688450
200 340 198.972584936287717
200 360 200.129482743953332
200 380 201.016414369541764
200 40 205.857747553291546
200 400 202.134373201733581
200 420 200.668580691623305
200 440 203.836060684531788
200 460 201.057392793785453
200 480 206.677505913100617
200 500 204.818059879355275
200 520 206.019099902492798
200 540 204.172676142809621
200 560 206.780244621962964
200 580 201.356835145998673
200 60 203.697811622468521
200 600 205.299302811746998
200 640 203.620570382916441
200 680 201.489305742855379
200 720 205.212144304138945
200 760 203.122992839026352
200 80 202.936064394079182
200 800 207.638980186748910
220 1 205.584329213671424
220 100 203.955481498566400
220 120 202.204356326741703
220 140 201.587248777688899
220 160 199.997192815004752
220 180 202.853056694458104
220 20 204.727228591595519
220 200 204.217146322232509
220 220 202.907038198654362
220 240 203.644733962309999
220 260 201.385840967330751
220 280 201.715312879908936
220 300 202.465078683725778
220 320 199.710538582089640
220 340 198.488040108980471
220 360 200.079294043412290
220 380 200.895083728609364
220 40 206.352190740703691
220 400 201.961376205284751
220 420 200.495967819310238
220 440 203.985193665270089
220 460 201.051748161060118
220 480 206.783321102296838
220 500 204.393336093892515
220 520 206.231269081736997
220 540 204.142491684919008
220 560 206.665692621624714
220 580 201.643066746469572
220 60 204.222424283350307
220 600 205.212087412067831
220 640 203.436594867132413
220 680 201.436567536859911
220 720 205.207953549924071
220 760 203.371219314941214
220 80 203.114863527956771
220 800 207.710766860880568
240 1 205.819794814803259
240 100 204.544786081101449
240 120 203.883597764195315
240 140 203.614406518810085
240 160 201.519337033920436
240 180 205.108030162790783
240 20 205.105293495310974
240 200 205.901977508471163
240 220 204.460002934588971
240 240 205.051341630446700
240 260 203.038595347001973
240 280 203.270747546299731
240 300 204.050732848906591
240 320 201.493908975812644
240 340 200.816307447383167
240 360 201.733908272057619
240 380 202.664843008580249
240 40 206.945885929992102
240 400 203.768556220593268
240 420 202.605298670592731
240 440 205.412619768655475
240 460 202.501121315543855
240 480 207.741681962999593
240 500 205.448141598144872
240 520 207.803659371417325
240 540 205.786418174707364
240 560 208.318685280633787
240 580 203.241779724441102
240 60 204.967579587443311
240 600 205.937458501784420
240 640 205.022670424334365
240 680 201.957574023635914
240 720 205.990908289726121
240 760 205.220894576545277
240 80 204.179318424868143
240 800 208.370511274955732
260 1 204.702251743439064
260 100 203.833562602594185
260 120 202.856646456850882
260 140 202.473745476933829
260 160 200.670972533048001
260 180 203.786480822824871
260 20 204.173127677563343
260 200 205.362463735536664
260 220 203.873440063586571
260 240 204.293689016519323
260 260 202.370356549870479
260 280 202.443951977259843
260 300 203.006324028287196
260 320 200.419456242519800
260 340 199.834038711901940
260 360 200.374555013020966
260 380 201.528262172843114
260 40 206.099621641064743
260 400 202.662746279754032
260 420 201.491147895037614
260 440 204.197081362432442
260 460 201.377585691848964
260 480 206.640008660523904
260 500 204.538161852805246
260 520 206.842749149778825
260 540 204.595586141334479
260 560 207.101962693104952
260 580 202.285445861519179
260 60 204.059386569748483
260 600 204.451389229965855
260 640 203.381800083989731
260 680 200.637356045293160
260 720 204.209790892094361
260 760 204.083758530468145
260 80 203.521832138484342
260 800 206.972019395429982
280 1 205.156776518529881
280 100 204.524928317003855
280 120 203.919230915612587
280 140 203.466141181414457
280 160 202.609637288850905
280 180 204.988534321757697
280 20 204.830941354094591
280 200 206.103352863184369
280 220 205.267877144253674
280 240 205.560961075290862
280 260 203.891704134070750
280 280 204.064810143972551
280 300 204.626415389678584
280 320 202.397144335216922
280 340 201.286867592697064
280 360 202.140221254804231
280 380 203.200136792022022
280 40 206.583441769256069
280 400 203.960919171083447
280 420 203.129685766533640
280 440 205.525007966009696
280 460 203.059161800469980
280 480 207.551446535413504
280 500 205.142279287895803
280 520 207.134517648977379
280 540 205.625259785557034
280 560 207.571071349203464
280 580 203.541752764713635
280 60 204.869254796085386
280 600 205.147962092168513
280 640 204.190571270649514
280 680 202.555712130231029
280 720 204.968415391884776
280 760 205.076552882070558
280 80 204.501805800615045
280 800 207.446202215233967
300 1 204.794384168192664
300 100 204.543248086793767
300 120 203.048424185368447
300 140 202.916402082879870
300 160 201.467190376168929
300 180 204.890899981481766
300 20 204.278791629501427
300 200 205.806536402393448
300 220 204.479180452687245
300 240 205.366813184209235
300 260 203.373345503036120
300 280 203.653498344439924
300 300 204.745057890100753
300 320 201.834958317666150
300 340 200.987201132089069
300 360 202.046465044709038
300 380 202.930084925669917
300 40 206.076267881922831
300 400 203.713527200803412
300 420 202.973766751672713
300 440 205.583790468847127
300 460 202.783104055468755
300 480 207.417849299723798
300 500 205.535459091559431
300 520 207.586434708785191
300 540 205.441335328779161
300 560 208.070966851229400
300 580 203.336330477317347
300 60 205.131688406597988
300 600 205.342721274245548
300 640 204.259557188608625
300 680 201.742340251142878
300 720 205.439985230494500
300 760 205.082840847175845
300 80 204.396295578619913
300 800 207.271738111156225
320 1 204.534919683930269
320 100 203.800568729028726
320 120 203.511316374822655
320 140 203.299638377302301
320 160 201.521868613237473
320 180 204.105760375309956
320 20 204.104813528947204
320 200 205.362772570876672
320 220 204.167569704345965
320 240 204.767027978064476
320 260 202.880792306603468
320 280 203.219776704433059
320 300 203.816799446844840
320 320 201.533691581914496
320 340 200.833208598808710
320 360 201.406359729931125
320 380 202.330241860616894
320 40 205.811925941639089
320 400 203.197813164023216
320 420 201.822440252935138
320 440 204.671679386867567
320 460 202.250667825411369
320 480 206.567117832164229
320 500 204.671822096125936
320 520 206.295871267417112
320 540 204.625755424890343
320 560 207.307343105826789
320 580 202.377010341933556
320 60 203.956315160507955
320 600 204.564599989772034
320 640 203.416678741526624
320 680 201.545214400785426
320 720 204.742058964445079
320 760 203.909123105709426
320 80 203.657916205755242
320 800 206.401436022793320
340 1 205.785267021574214
340 100 205.875103481965652
340 120 205.367220369532873
340 140 205.210028537259120
340 160 204.006650707839100
340 180 206.770512174339871
340 20 205.555976721081009
340 200 207.768232862081589
340 220 206.642709286714222
340 240 207.385302245013236
340 260 205.841191985157025
340 280 206.003214366978966
340 300 206.634298650678318
340 320 204.465702872870907
340 340 203.862028074541001
340 360 204.841928319079756
340 380 205.254267626084697
340 40 207.262238996257651
340 400 206.197873461623431
340 420 205.636807140552747
340 440 207.713049598051811
340 460 205.371415688432052
340 480 209.528742875187703
340 500 207.588429279252239
340 520 210.241414239606939
340 540 208.524188895742753
340 560 210.139748388744238
340 580 206.005770605939631
340 60 206.679922057453808
340 600 207.862666804651752
340 640 207.095528266432098
340 680 204.570523695225631
340 720 207.838858155347424
340 760 207.949367172558908
340 80 205.769393247698133
340 800 209.539661151706810
360 1 204.123503539922581
360 100 204.056866331504096
360 120 203.490665800925115
360 140 203.607862706142100
360 160 202.135913708201798
360 180 205.115055106275321
360 20 203.925438067041398
360 200 206.307717203008082
360 220 205.085269245594787
360 240 205.683278928449454
360 260 204.139193109134567
360 280 204.435732137607545
360 300 204.865336961485980
360 320 202.802691910611117
360 340 202.155938562702289
360 360 202.969370195207517
360 380 203.495406904947032
360 40 205.766164317055654
360 400 204.298803479957911
360 420 203.784462441226907
360 440 205.654404665680374
360 460 203.553070570124049
360 480 207.233582331500429
360 500 205.800419006871010
360 520 207.718847317946427
360 540 206.267039631549068
360 560 207.985535166158797
360 580 203.888482569599518
360 60 204.056743084918054
360 600 205.472392524099462
360 640 205.031972394077712
360 680 202.640569904839168
360 720 205.326960706538074
360 760 205.370357595272594
360 80 204.112639633023747
360 800 207.210892297130613
380 1 205.325074878555313
380 100 205.973418921653348
380 120 204.814713880553512
380 140 205.462149743744845
380 160 203.273076793720122
380 180 206.019835406383294
380 20 205.137054345270599
380 200 207.619610695580491
380 220 205.876599369880779
380 240 206.905470823319405
380 260 204.929786077689357
380 280 205.269190975065641
380 300 205.787106969158202
380 320 203.703609227309954
380 340 202.869578674966107
380 360 204.096000924827450
380 380 204.405966025312182
380 40 206.831477910946006
380 400 204.922575546526502
380 420 204.345147180987482
380 440 206.592568221876263
380 460 204.407608855135180
380 480 207.980737814939260
380 500 206.474832606898588
380 520 208.392752321404430
380 540 206.511799639981149
380 560 208.624038691977233
380 580 204.439005627482459
380 60 205.234946754073462
380 600 206.254678710229143
380 640 205.739812088333565
380 680 203.720579416369958
380 720 206.243518574060772
380 760 206.262533255477422
380 80 205.203546885867695
380 800 208.075810939743803
40 1 207.182163662243624
40 100 205.441359796233797
40 120 204.243661132276088
40 140 203.045498190317460
40 160 201.025707595827640
40 180 205.513971454789214
40 20 206.264348874751875
40 200 206.764097254120543
40 220 205.304650602021979
40 240 206.155298053242774
40 260 204.347443930763859
40 280 204.363875359706952
40 300 205.655550888981594
40 320 202.139139172464809
40 340 201.967342807348132
40 360 202.978538890612555
40 380 205.405165639387064
40 40 208.176432980267663
40 400 207.390316889701268
40 420 205.709750331221557
40 440 209.215487254529421
40 460 206.581653097942649
40 480 212.494814623331706
40 500 209.942714056298911
40 520 212.128112444658143
40 540 210.687647670240864
40 560 212.680858810020652
40 580 209.001390188536618
40 60 206.355403451936525
40 600 212.205242293419019
40 640 211.383713828367235
40 680 209.214894415574264
40 720 212.112322990303511
40 760 210.788064573147551
40 80 204.813434146767264
40 800 213.437656659503887
400 1 204.857739812525011
400 100 205.416217438770218
400 120 205.761963366496872
400 140 204.935788215690621
400 160 203.758181285044316
400 180 206.744173694190891
400 20 204.821173088715142
400 200 208.062409124629426
400 220 206.471651210590352
400 240 207.266194915287855
400 260 205.943314595908817
400 280 206.199503896503074
400 300 206.528832038107225
400 320 204.748587566543137
400 340 204.038362566624016
400 360 205.523071140702541
400 380 205.263538790724880
400 40 206.607250912489349
400 400 205.818300947625119
400 420 205.522786545527680
400 440 207.409513470947132
400 460 205.557708913915519
400 480 208.673754830778648
400 500 207.590294739885991
400 520 209.363883833944158
400 540 207.812038004266952
400 560 209.501267902815584
400 580 205.820486736143522
400 60 205.259060611395398
400 600 207.032457340061768
400 640 207.003839353235122
400 680 204.845677059468471
400 720 207.325009744782761
400 760 207.720137778891171
400 80 205.385102006366850
400 800 209.034089516969289
60 1 206.678987519094790
60 100 204.362187068963408
60 120 202.924873106288203
60 140 201.893874452230705
60 160 199.813082496735092
60 180 204.342452615916727
60 20 205.477275264517715
60 200 205.674162245386412
60 220 204.173556785513796
60 240 205.258427991666736
60 260 202.799069432660701
60 280 203.238156440248304
60 300 204.130572905511372
60 320 200.937392455437021
60 340 200.288247535105228
60 360 201.854015500358884
60 380 203.775202829509567
60 40 207.333211360803546
60 400 205.615862267085362
60 420 203.335527939409218
60 440 207.835776336641516
60 460 204.366143292643244
60 480 211.198665934742593
60 500 208.461554571207813
60 520 210.251683533710207
60 540 208.661496329659116
60 560 211.544181817026555
60 580 205.995182457607058
60 60 205.411407932819742
60 600 211.049822794238594
60 640 209.317201133586167
60 680 206.720886454469138
60 720 210.722092330823216
60 760 207.914818157010870
60 80 203.497925999074340
60 800 212.420205740053973
80 1 206.629020203717346
80 100 203.855770900977745
80 120 202.205937541221715
80 140 200.999700602521330
80 160 198.718538911127723
80 180 203.357381471484643
80 20 205.390799312829984
80 200 204.478696509313266
80 220 202.979533804184712
80 240 203.906361961710729
80 260 201.471055633962465
80 280 201.396233888015786
80 300 202.647528049155795
80 320 198.811923030138530
80 340 198.526076695779551
80 360 199.893972734648599
80 380 202.268952776253172
80 40 207.094377062217802
80 400 204.207165270532045
80 420 201.726136735388991
80 440 206.256462369851391
80 460 202.324125078760090
80 480 210.519168845718809
80 500 207.199456347276907
80 520 209.700843084776977
80 540 207.366596599161966
80 560 210.995302759421094
80 580 204.466372913339427
80 60 205.082368233928463
80 600 210.172285564905025
80 640 208.203564336672343
80 680 205.088511397639280
80 720 210.200364892786553
80 760 207.095573327568673
80 80 202.903499993961390
80 800 212.068766091742191
